35904
85281
92821
91730

92614
94551


06455

28117
30144


52404
83854

60160


60177
60504
60174
60126
60502
60139

60108
11070

60193
61109
60631
60191
60174
60191
60139
60193
60120
60177
46901

47265
46903-0932
46544

46777
47265
70506
20763


48035
49341
49505
49321

49418
49509
48026

48906
48083


49091


49024
48895


49101
49548
49512
49938

49101
60143
48065
48314
49461
48038

56437
55303

55128-3534

55301
55369

64081
64030
28117
27284
27587
68803
07069-6595
08648
11779

14606
14606
14606
48612
44240
44240

45414

16949

45385
97015
17349
16335
16509
64081
16510
29642
52404
29657
57401

37921
78633
77039

79915

53033

53012
53027

54555


53051

54220
54304
53024
53948

53024
53029

53092
54630
53224
